0.0841046139849105
0.278749441682272
0.20578485567552
0.337413956701867
0.539377422062888
0.602840291944638
0.692923266392102
0.406797809340495
0.172433668753162
0.517888993388809
0.720726540539269
0.150562525144044
0.388474891268809
0.307727585846768
0.340751611014197
0.110338091316937
0.739263473934199
0.608368072042902
0.629767368643785
0.337704212997736
0.604065588344083
0.0563853432535289
0.41262352635397
0.309746870306948
0.3506290181858
0.361936940463348
0.334035274172334
0.133369862784647
0.371702120556311
0.158377995724893
0.276073438959217
0.304685479715669
0.102730847310444
0.133087427180177
0.951667978991099
0.461381048418831
0.695322282018737
0.873999198910051
0.65144055166398
0.999846648380774
0.837046068816225
0.430882842975688
0.731693046236635
0.772410626562953
1.01013080610957
0.202038852188034
0.585577840226866
0.220331338857073
0.814218670144773
0.36241522834945
0.953664023822088
0.6652541654935
1.16818026423133
0.501854540012089
0.0364516900080838
0.901467533567069
0.4792962088744
0.705508581386246
0.702966211407277
0.232843523231914
0.265272531188248
0.827888445379587
0.505275082037101
0.515302627191531
0.340498223081701
0.153739859035695
0.261080110796113
0.378266319542092
0.326444384503187
0.576466824066002
0.479467202311692
0.994154126814158
0.822288713452486
0.340273276300042
1.07860139883827
0.566251640090057
0.635872383562256
0.257842982300127
0.708209264567805
0.429498544771594
1.1086989708348
0.457752487014441
1.07289477337381
0.503362785620021
0.563769390292708
0.789264017188801
0.270449086414142
0.0320389452989071
0.297215547057028
0.45675882553303
0.150514457067486
0.546047197453135
0.359589342512896
0.130612602272398
0.0794164389064118
0.854044271203559
0.47741309271971
0.147615465650862
0.134037161392378
0.31082830023259
0.159956499029728
0.0821136497248765
0.677236166636685
0.246603246627
0.252974598463417
1.01648356011205
0.522512570654734
0.679901429416286
0.639557839775938
0.587834974852497
0.256030107455982
0.529774045817755
0.807068727067912
0.272527355502748
0.836143998515427
0.444255590756422
0.47679063918547
1.00078506250089
0.69517331080607
0.199494985858157
0.223388378173585
0.451524850938813
0.375753313352618
0.546151492404046
0.75095081439669
0.369131533647179
0.223080751823944
0.129915556229793
0.179077921144597
0.521671963736717
0.457377499507486
0.730156409786326
0.44112606646189
0.0312716754931456
0.2775323080749
0.38943044602254
0.143544441642446
0.578877491502276
0.219728088671428
0.5927597827968
0.4541336935719
0.668511096395633
0.34904514786752
0.480925662624185
0.293220112166955
0.378072559247673
0.0559466987968011
0.829055320328021
0.588577394048647
0.281490686657337
0.560487957739746
0.919676505179548
0.227245869179011
0.326389453934211
0.440687372794791
0.164257767601729
0.437972255172337
0.126897078638701
0.375080764343312
0.231875694376935
0.550163848091509
0.34793466293671
0.430632791867762
0.605799815038123
0.520000066204607
0.687575145459647
0.2932512401399
0.819288018814654
0.0933981829334532
0.713060144146269
0.137654034396936
0.839366343724991
0.650299172781404
0.513500324450913
1.00190012170537
0.0980340799557553
0.472969916291398
0.856407166529467
0.573857707773448
0.386497024584697
0.185428460482227
0.499020600823801
0.513360355059408
0.340080411860359
0.547639297232069
0.222095303271959
0.702251567010073
0.24532570318573
0.341173038478467
0.305229582355491
0.124762939592206
0.348814323124387
0.25139330233017
0.217576619724324
0.234847796999218
0.749966976813221
0.530002115114878
0.425410427884157
0.200370373354826
0.493946936379756
0.877114933695446
0.206971679242114
0.215156319311949
0.646285868640317
0.502841363999993
0.105788809383993
0.452809653610072
0.429431978385717
0.808843277362854
0.682014913753663
0.116638849246595
0.582859216256217
0.34611283405905
0.844049519895751
0.334155924626845
0.0698099252577679
0.908129151065272
0.581251434244899
0.444952964900611
0.358094799485725
0.206503438175779
0.356609258413151
0.266731553579418
0.383588213154735
0.390344685240468
0.110183684682061
0.816234372582105
0.404490785912038
0.724330775883989
0.746399633407775
0.130192100972881
0.859996025539068
0.489049164068321
0.237620483945438
0.324206324272292
0.289840320387956
0.372977776795937
0.164215046455187
0.653015166571329
0.966882699598632
0.788898387823387
0.91911008470418
0.485316522859941
0.587219384787857
1.05465306288441
0.775415527128955
0.466372112368982
0.744659709263134
0.824493047114333
0.683487064251946
0.441548682435991
0.759214717475471
0.763628950393568
0.424744604233934
0.17485854018856
0.603797866948958
0.149545072351598
0.676528788910849
0.122029405255495
0.469611208735637
0.170623171681678
0.359158469322165
0.231318143634874
0.434484012552452
0.505848481880917
0.502513137324534
1.29362162900211
0.198388243176872
0.395680937987071
0.561814122414873
0.852788770065684
0.936806884042952
0.623314320732702
0.834857498796365
0.548550067841294
0.12217493654083
0.162676282303816
0.539556651153883
0.370997626096292
1.02235136535792
0.31623205562476
0.58246156925065
0.6526681269129
0.449521183430129
0.557289046183983
0.456620482515366
0.272255113042531
0.622999031946488
0.193127786687545
0.409329727624285
0.388380794642059
0.243807236889878
0.562363739256306
0.212702079767494
0.287266519624318
0.310407002187909
0.211338465309095
0.0848135358349852
0.702717353864341
0.59842292702207
0.209004437083828
0.137633280142034
0.748264649480834
0.277154422300292
0.396597937320446
0.775940161906252
0.0587980178295154
0.737569750906127
0.48836168229376
0.319993818036302
0.124956343107171
0.536545242348181
0.644748271489588
0.281763434957394
0.21342132646747
0.654934300363929
0.424277642449493
0.845662949099605
0.343967986416296
0.472805560075039
0.695493124862086
1.03676211252228
0.754989561211332
0.42800799268713
0.693615050179212
0.404288544905238
0.632121677337415
0.551627479489467
0.417069545641475
0.1481313753482
0.977665625785151
0.302006077258015
0.3323616280512
0.569760873487345
0.474291832812034
0.873747421468503
0.731086949810588
0.0763007604123882
0.145907939143655
0.527037432108645
0.501944766604415
0.280136865635918
0.552321802360371
0.382901735528651
0.392138358099311
0.0203536860157488
0.369978108568467
0.278105291729933
0.569299648312409
0.911905145880975
0.44976333095876
0.242726509365116
0.446106440951621
0.440737257629528
0.147991854230528
0.755015727871772
0.313797222434354
0.213849313556685
0.271314794519487
0.55512957433716
0.836302720327821
0.275167767336509
0.262546275187505
0.296680819203656
0.810935848338608
0.825737063173695
0.619095686584322
0.482213089934904
0.614457014545461
0.932927375390972
0.346646748593311
0.441618874314955
0.618733359091484
0.86281545042062
0.148280581337868
0.70643769394822
0.609372209269421
0.518656926771815
0.699488771449092
0.214641044232419
0.552447314189011
0.337187634032224
0.0842127603796246
0.856064438036309
0.141067408874391
0.530603671671589
0.112347851948753
0.446731816277187
0.433811202892142
0.558341904728943
0.442982542328264
0.632550275639847
0.269085423528811
0.495635840854606
0.284530464716095
0.747217678730876
0.483122556455207
0.429581412857459
0.587625682032971
0.465465333111701
0.220177404638026
0.103288772608745
0.510979186999225
0.57047597289797
0.730167938500394
0.680284109336566
0.469723796456585
0.594417756611571
0.609253029425982
0.109289643915714
0.330200901649243
0.800823322035625
0.399911679192029
0.559663606081691
0.394136465960588
0.0856910163125385
0.570755972974086
0.406176673241433
0.143918897777402
0.459041638394372
0.486572968029765
0.0209664077384372
0.587134467599102
0.10874325453633
0.737963185548318
0.313138718586945
0.433862854539579
0.107511083368161
0.691342307874124
0.292731735656039
0.389848473735979
0.846251420344758
0.687955496367471
0.524392568996854
0.445900194362189
0.658441184110038
0.32302097885035
0.810868652639012
0.49758587647523
0.654527155307003
0.225840749484264
0.797284896213061
0.354720289916137
0.957797866918519
0.132269325102051
0.77019611359216
0.101590617929807
0.942984484461506
0.5305228904032
0.527554534437365
0.0358962243069783
0.256195728248334
0.436935158704896
0.0860102763149046
0.666069647521429
0.696133533910585
0.285980860127323
0.733232280119605
0.916322572561698
0.98364335984984
0.406316661217558
0.657656531474502
0.293654141518129
0.358583674288394
0.524065099253499
0.807429560427644
0.69239086174651
0.767226273229671
0.0648105865934946
0.911174469307565
0.243198781141978
0.28209577106395
0.90943276450457
0.46296798934687
0.389671137229907
0.196266948912416
0.386576912460553
0.683735527394948
0.0482015258221575
0.677652652268465
0.222652035646595
0.0881385991613471
0.0819683286858665
0.0662375837841979
0.218511969878709
0.107196382695174
0.281587414476575
0.18626999289276
0.325744509618249
0.247058475359754
0.21139801015314
0.579523553252721
0.0787493203550274
0.851186875029702
0.8964751896473
0.623538222564912
0.249530046001666
0.718230010091304
0.593714733602181
0.833323697686318
0.943584734900924
0.80996730451357
0.694822843188807
0.644863608204156
0.909752560392049
0.32824211711662
0.455648927077302
0.764445479438281
0.982798028539946
0.446992888788338
0.381743203719307
0.818220883751852
0.649197110042981
0.613787921586035
0.643593032390803
0.34760359115278
0.683249460994091
0.861898986522306
0.888340031972246
0.824144952415175
0.916394305159846
0.270804847942236
0.305908389610469
0.16220081451682
0.23982534719825
0.302927501793097
0.382165677127884
0.0879111703054548
0.724040838977809
0.47704412444711
0.352500320441168
0.95821587332629
0.429857984969569
0.637555459048668
0.579059373723121
0.0823119882408054
0.516212612696444
0.735094100627838
0.6595578168411
0.376866208078583
0.439374078141242
0.304538121642822
0.396001012102822
0.784400759297868
0.292202975482177
0.265456319871223
0.176627030959717
0.173923031010853
0.114829600294581
0.771525052569537
0.463607752957487
0.183567493234742
0.261682875724466
0.162705350585307
0.85139350549872
0.364127604235998
0.909869025947223
0.36290925201328
0.319514037400468
0.609702793663212
0.354748522774277
0.354835972151215
0.95301422933339
0.73298730908389
0.424667421037545
0.189592168135601
0.671562207951912
0.598301839725566
0.0492349558934774
0.436015184603599
0.13425175953477
0.390932114894451
0.294170136907134
0.609359965870064
0.495487766703607
0.404996896422777
0.267726167806144
0.18885176660195
0.172754969110705
0.159037809330659
0.406488176739835
0.687789634041997
0.397055466630726
0.201822011543905
0.397670400131731
0.175215422830229
0.164781114374572
0.490782523732002
0.591212067779734
0.248850373734226
0.121766888717016
0.712441967317574
1.20956671058894
0.431298973484621
0.177983921712388
0.425410427884157
0.657362270258364
1.14765562024188
0.137608656621579
0.205158001324884
0.241852530889359
0.367022646671502
0.300906338865621
0.171431502763171
0.198416967919851
0.601275281495709
0.527589134690528
0.861448946815797
0.0343447470027369
0.591694071927694
0.360165976666435
0.51024224336802
0.238465504630148
0.477958999566694
0.260822269464994
0.520171237314043
0.698924245102695
0.385816552174693
0.231629672649016
0.570017506255172
0.117751525198653
0.568524126005489
0.267937453631125
1.03775359748657
0.69086671317947
0.776202120867203
0.282142325257113
0.541937284614087
0.654875312117947
0.968667547972408
0.507050258710195
0.924763546374428
0.713929799212029
0.677605846590834
0.994228980361497
0.696703429123582
0.440084462721615
0.318812698467522
0.790573690706788
0.595861993426915
0.227383113950551
0.877205429933933
0.12863705016385
0.0868728205750371
0.110110994022592
0.27407798466186
0.606154725285731
0.462911751269856
0.415471087566571
0.419647677656641
0.718589122426093
0.415681364558395
0.645909975723972
0.0857021973320834
0.42653484107205
0.375881134196157
0.988459906610616
0.504568116957348
0.635023832195054
0.485605440028989
0.622205638122073
0.663289930853229
0.528994358708387
0.331474521609741
0.311373119206658
1.00902816265547
0.567516256495292
0.292517310131979
0.507837772734903
0.409579285451245
0.998576672913879
0.591986982954982
0.871136418693795
0.220347980388467
0.314714519655299
0.40287999018767
0.176853633458808
0.604656924046623
0.0229643906622367
0.116655317086263
0.198766905415802
0.258098387328761
0.189725004266352
0.226521093096472
0.146361681710243
0.143348558437056
0.0653829016602493
0.515095342062328
0.775288770580912
0.48486525296569
0.784767950934157
0.694081281565588
0.202831161165382
0.236601783862376
0.853520994120398
1.42057938090064
0.258512945491118
0.647993960947691
0.712789298787541
0.807995082676383
0.341440867359816
0.71735087289001
0.284508872547082
0.748497804561913
0.935607791059597
0.476426461246943
0.694052388421855
0.932038555965327
0.716544194081464
0.185319350288586
0.468608883732582
0.357954486703333
0.387477125911749
0.746912606808667
0.721275792004999
0.962264162686385
0.680223514093822
0.763303835861132
0.826352524242797
0.769395707073627
0.236901664638773
0.393432260934484
0.913477163182694
0.710980638395507
0.565302430458821
0.562901283359755
0.209186291315784
0.0733848182315492
0.201850143464082
0.53340450516322
0.305102100549323
0.232270767823883
0.452754028184003
0.0578298364303875
0.664369619276585
0.372953637098183
0.428378530583022
0.842481207257212
0.624905959974444
0.601184067664286
0.0846638395887612
0.467642939965488
0.475102959893092
0.502486543751652
0.481194670715506
0.625855967869867
0.214882247823146
0.690485028632233
0.28219680969898
0.792895896404204
0.567143263423747
0.55659136278418
0.604035870072339
0.713925671059798
0.472202069227876
0.800277635205623
0.373841206049098
0.868248013476551
0.493639339022438
0.480537470125406
0.603260461749168
0.568183837631763
0.206205858146821
0.531234045327541
0.769507240446733
0.0915856835961252
0.620334904364836
0.306409576330096
0.484136471682187
0.501167148408077
0.451581731529219
0.591910334174666
0.313344753932543
0.349080631706822
0.317056779603141
0.675396635641961
0.858797078821053
0.245351188911852
0.384595464315242
0.163459055137442
0.780123726191751
0.231152138362902
0.424903253411589
0.519658533426733
0.370872037337589
0.212147457942247
0.346768053568866
0.318499681814195
0.414641394908683
0.254257535915645
0.3415851953683
0.445963976126836
0.822282645002538
0.814823137218734
0.197867642225763
0.662354977180396
0.871683446422331
0.375856538972596
0.0640541695811228
0.23937864275023
0.794870914059455
0.558833512888994
0.203068715785535
0.00474650009324666
0.435877788763359
0.567199950469394
0.583065700932344
0.137840510854434
0.197044506268419
0.0610595587279883
0.268039855977926
0.926410334900429
1.1089550237006
0.852166040433472
0.28908972509783
0.817829565971815
0.595134298957029
0.904163258451945
0.741826666220375
0.200860397218937
0.252425053134995
0.900989202083021
1.05567413080805
0.877467791019921
0.902192908048076
0.725568746714043
0.85490946276705
0.516122257971617
0.624490792675353
0.837642747917988
0.728467747098337
0.75883117987885
0.914316015093885
0.411888640104473
0.701027459309536
0.653735895733976
0.86121449420666
0.540699451031117
0.589261398203289
0.721441174298479
0.619575510848088
0.681680634121849
1.1075268830079
0.454617917017446
1.20786363363081
0.769819289090937
0.514407474389673
0.630102316717432
0.266314647054439
0.607367230386458
0.296968282299025
0.458451959162123
0.280183180093038
0.302582629722389
0.35255497634525
0.0508033044465194
0.132763849340926
0.234990032521737
0.546273910908525
1.0271696185012
0.510420270675854
0.646455126776096
0.625456368472467
0.661418126896178
0.653307813651452
0.349651752008119
0.508208570115104
0.880224194361498
0.863743338936032
0.228662352012903
0.500011151265903
0.311459659034633
1.08116015084491
0.671540659326438
0.21667467700679
0.522537726157177
0.215837552027736
0.541328128116396
0.378505059539109
0.321433750678313
0.501200761292766
0.570759024145342
0.32570996980331
0.491368554354776
0.399946803967255
0.421688927859752
0.266723549044516
0.527277154103832
0.363564167181587
0.13312380133166
0.552825344569857
0.832074851830074
0.224483449478521
0.455955348663313
0.370600134644424
0.293398389253249
0.349256541504477
0.555065295345744
0.228308540782314
0.0597357731614289
0.55385328272615
0.990707379619918
0.716931036577745
0.51358385892069
0.217167108170608
0.451148398907423
0.65041220562874
0.0983458290160144
0.135605769966816
0.474073163429557
0.170149498140904
0.157580479685122
0.294219390604805
0.253956371451552
0.177432531449212
0.419996994624713
0.672824120753049
0.224062807122989
0.233281694110836
0.492667290907922
0.615113353905836
0.316968688885493
0.0426691309460054
0.966399225495747
0.728398480227264
0.880606054891215
0.586081447496951
0.520442779582396
0.464720108370947
0.636271293805385
0.646892497762829
0.576753254945881
0.366515740137023
0.218779691827145
0.297205837328448
0.38020572511964
0.136145108841231
0.310301965286069
0.552265660708657
0.691897332219209
0.218401020347921
0.216546000483549
0.405555332238887
0.370322659966938
0.130093511225528
0.321968518642057
0.448285957003315
0.355460820862437
0.73189956256252
0.305867809443399
0.225726362214378
0.226307774878739
0.408344175722483
0.168965175353256
0.389264773914605
0.498376821147247
0.254856724544388
0.297587866175183
0.58826661067043
0.410738730344616
0.336495228573914
0.156726732002018
0.568840031501171
0.291777550970548
0.289258226687026
0.342575267241462
0.217825684734979
0.460320999686757
0.620325995772107
0.400971496201
0.263015397759592
0.610331522613248
0.721834031310612
0.150054168062652
0.395809363992236
0.249187748273686
0.294021116490998
0.695164489584979
0.502024948305623
0.596732289002133
0.51090953359732
0.0990051621904671
0.357803198320349
0.320239681244183
0.156062880399785
0.117143833212821
0.0595428489992327
0.569624962688627
0.501423743450132
0.351215019786153
0.37584974152569
0.558440825811503
0.128757752518451
0.417562902870319
0.113553550778895
0.0591555505855746
0.184956086357514
0.410943865330323
1.09435718903673
0.198104512907807
0.524120705199182
0.27469542675637
0.183895484572948
0.082043047537813
0.631987601244004
0.140357808243092
0.24692169290426
0.254544386385964
0.905620928551901
0.936230623349244
1.02806577041386
0.401197604967713
0.801521883965503
0.876616925292398
0.884543351003674
1.06620272034644
0.440257182922053
0.796522701984735
0.860458358935014
0.353591206874361
0.417492032386527
0.695183953145783
0.699768609171436
1.01195389641176
0.538878031128084
0.98395180739778
1.24244526373873
0.28034416644063
0.605018487323746
0.780165941739423
1.06354762573821
0.747162449992678
0.753307355653884
0.816985388004283
0.501160284223665
0.683656087978071
0.812331350918869
0.33189376941508
0.269791042863976
0.390644114629327
0.79660047729237
0.352017886389172
0.571871029285218
0.891970304587688
0.295054480044479
0.227844105987861
0.371683462663853
0.701169019468069
0.639811408493208
0.631987601244004
0.33189376941508
0.736318648354638
0.57533307180207
0.193883419146272
0.232144576526637
0.534872621382148
0.544771659773112
0.4719795923166
0.360154519894007
0.559890684258504
0.554109391483439
0.376840446311311
0.758659873874663
0.146529248993933
0.465967144771861
0.268615834351563
0.23795042423219
0.557328197677511
0.268991054507995
0.769211401223151
0.688653290511881
1.13644007687379
0.725375852028462
0.255913620950224
0.645170491265296
0.741345860307561
0.35194679419847
0.75625545231965
0.135170138915636
0.798839244722777
0.193930077856856
0.500937904077639
0.627641912310727
0.308370345721529
0.75193415935856
0.484254513143814
0.269591812708946
0.705441170187857
0.380299666587618
0.202427950160859
0.0476607723377041
0.539941260408626
0.100341878781768
0.870623410857442
0.296526476850745
0.762665643886411
0.681982438550505
0.210475432757663
0.997775261023437
0.166162371086949
0.296723178467129
0.080130425813208
0.297256781940695
0.00942098830695095
0.663129649743833
0.157623828683055
0.5659708091593
0.60864173598425
0.437073095719288
0.565837935634265
0.489163683109452
0.492420398282829
0.0779279027445424
0.286627033168035
0.756784772033324
0.515531023277841
0.26600163000103
0.441889542227163
0.67569363860334
0.496022618175515
0.468408600259296
0.0232296232024494
0.181050093626641
0.597460307397453
0.455228628084553
0.114701753428556
0.558332623309673
0.964659844045931
0.307826237567371
0.419224993253891
0.247380644594806
0.432542588439302
0.468243109028506
0.328297072516263
0.24085074652587
0.286970305611177
0.583492275857506
0.322778354866863
0.184881750758617
0.347151203135535
0.40048928412689
0.338695874890258
0.220785714903051
1.05782885541321
0.391691457362056
0.381327299063653
0.280907628588219
0.700570552408692
0.14831655050574
0.454898906353802
0.131090567385101
0.520960226889105
0.613540087026172
0.026724399824047
0.671032074933328
0.488184698682454
0.569470317652296
0.507227044070831
0.355700176820673
0.674112566486416
0.515358184529809
0.170585858289503
0.352690441515072
0.390063573473381
0.258200445096889
0.163262700315787
0.541220417671356
0.334888382275281
0.460679478346385
0.0454637524425782
0.329798915554195
0.496435459133957
0.457641694137461
0.483650194783882
0.394059852255878
0.158551108726289
0.462566613453097
0.414083078931179
0.691073069754841
0.276077663905189
0.0844288607038149
0.0177647253169258
0.168183252576021
0.546108915745165
0.388875609756637
0.435813201457657
0.672622368454978
0.612491608382984
0.612288798690601
0.54741305965761
0.127347027048665
0.296856456700514
0.272556445469049
0.304914036292838
0.547548605743789
0.131355301227725
0.590624191866862
0.312490360651012
0.553228315735838
0.215199417205171
0.73204521238617
0.241489136897454
0.80366143240935
0.0150684871121023
0.52774247205915
0.390141905625226
0.212721680475206
0.0359595588535107
0.0475243244898909
0.548050043111722
0.480842509213373
0.526224411598423
0.551556615100267
0.10324801526266
0.246851595643671
0.132013010060626
0.336565171134161
0.927565007003459
0.554617488937943
0.838385307736647
0.45465662165445
0.595080888142903
0.789462414530694
0.768838129068742
0.503499532732823
0.881049272245759
0.761266949075051
0.231640870960778
0.511942632000788
1.06088405315659
0.80752093436361
0.214183044244875
0.844363332315275
0.871774544441161
1.07621527422097
1.10910233152929
0.769672250717633
0.759078774006377
0.942341179380051
0.501757457938002
0.67559011131716
0.590846542435336
0.829370662219017
0.498654701586589
0.252080330379559
0.965902640087035
0.775055824372504
0.535414620145783
0.678681707679644
0.554226422261962
0.934299097674422
0.67885720248905
0.709090390491477
0.632462000792709
0.847244715681528
0.185099143198348
0.480738739673796
0.665643016105184
0.896483520578759
0.218407249197885
0.436859774512621
0.654588331662283
0.421086845863456
0.2949636478377
0.259410320661873
0.715908896310458
0.327851030753803
0.198361702904215
0.435261657761688
1.07621527422097
0.591355642554845
0.393011557322315
0.231515430618165
0.419996111356337
0.306690580910605
0.293706111162509
0.146335173288374
0.298937934223345
0.553433583694264
0.238195778755846
0.616785181499212
0.628324194125516
0.385450021643307
0.127270190563792
0.033430746905246
0.314127374914684
0.396440869752114
0.428016730490186
0.599887413655693
0.862485912804532
0.740921086898033
0.592241798166702
0.519206952160507
0.274790482740477
0.833825186487667
0.488538660577748
0.300554895787283
0.6831719962034
0.281446654862097
1.03181868995344
0.771986339829297
0.490080977435932
0.273795560558438
0.338255965280069
0.390492564824946
0.326443411540236
0.671308301776612
0.441190592090961
0.199010900000054
0.312157941711251
0.449992805004893
0.433489003748553
0.958624871529708
0.155312459694372
0.7477252695435
0.81888433499955
0.418869742628292
0.249232543133407
0.703893504764567
0.529643230223021
0.327418137579575
0.365559680151365
0.440071158272212
0.156978230486935
0.598803001627241
0.781999623983019
0.702254602171124
0.152065141724362
0.522119082544374
0.415988439385823
0.618237950749303
0.681779891925265
0.10254333304205
0.808451336677201
0.377360565522722
0.317593142878866
0.493358909591254
0.65041220562874
0.513989385097161
0.420639517875649
0.286367210909283
0.200233069143499
0.135541324727037
0.0859718114666634
0.446831757089766
0.175021254053664
0.459109223519145
0.500520600062718
0.454912034511859
0.510805452246825
0.55581815617868
0.744586880128811
0.609670689658618
0.752556507474086
0.259639742355778
0.188336454578856
0.379773285918668
0.53245396318391
0.464124484885993
0.0956411383896803
0.320226528844659
0.310383745622551
0.59601482321
0.371603169980157
0.50450280948813
0.452797322114092
0.385879321192063
0.206773611741596
0.363951043450869
0.19496516833997
0.0929321913560681
0.18472528640554
0.407434650084747
0.353716110532796
0.153253770479546
0.363937168062579
0.050106372883363
0.265052710887561
0.368858568324185
0.183908052486858
0.0345704263041827
0.179967315748688
0.198135517751309
0.282088196938638
0.455913146920536
0.301003633875961
0.437275929279408
0.44805930950999
0.167194182669298
0.269596451343947
0.255138566695072
0.65158287053637
0.236585117493177
0.206451919593323
0.0461039610845725
0.248273836830533
0.516683527062286
0.748914622210296
0.28034416644063
0.664541624609954
0.507177809674308
0.660297421184311
0.252372390258615
0.128608349912461
0.430796613293057
0.295477276947262
0.370025667963659
0.103279054696636
0.0786534086086146
0.158430916730938
0.250298546544471
0.10972644934346
0.240572832932059
0.849726049591372
0.977303302077902
0.793695475199405
0.130661141025327
1.06265722536699
0.260726849573057
0.32941135079579
0.751333226239711
0.791063837517426
0.911320285389122
0.94031091707448
0.553228315735838
1.00808288392532
0.46341251402098
0.751148127009
0.637691333135779
0.299338423456913
0.152701073794972
0.140906479722261
0.412369040804517
0.881569154023116
0.444270076963336
0.952417245147985
0.457854123924764
0.756274184760973
0.36447430081227
0.59176394110455
0.701659127712291
0.754558623534608
0.642380468024375
0.374776655739906
0.740219247725689
0.983889578921034
0.62105088527457
1.0645311226582
0.253218599578417
0.735247714286938
0.582814943273423
0.501459994874242
0.51077376056425
0.383033475813457
0.533274947108214
0.410398554890365
0.65327917793193
0.0839609322711931
0.514308330232981
0.746898723789435
0.399115170270539
0.65106997602359
0.566826035348105
0.304622373378733
0.188644508082684
0.583951988238379
0.672302631672526
0.370244810409347
0.245468693165725
0.205620562698339
0.43702902602306
1.40235499498034
0.758962064933231
0.320165595385035
0.33720933123946
0.119913355128645
0.535378346093973
1.00786654080765
0.31011363266412
0.524503267616012
0.564061674099065
0.621840552715146
0.491748077327792
0.612930231825975
0.291876781160624
0.0788242589474357
0.250773610746534
0.390269870573157
0.574931616196629
0.537444447627372
0.135307061611502
0.194233924334537
0.303567327294663
0.25980833967833
0.768753783379285
0.201855357167699
0.48077220143583
0.688648820677642
0.402530603782366
0.318158260497533
0.30558480311081
0.0720328367319992
0.621815499129327
0.395401371751226
0.316308079058216
0.535065578015061
0.980857575832867
0.160134631946363
0.627013587264076
0.303672114151894
0.39848490800687
0.275973208567578
0.41096634324111
0.214558328766012
0.576930896928799
0.348076307830062
0.744380957367655
0.679095167158769
0.404032014973424
0.174669977211284
0.254347649059742
0.39038828428707
0.109040831845874
0.560401349110013
0.170070850853757
0.28841333494666
0.841836926810758
0.595700852569825
0.345565122934709
0.453508305805123
0.539500264079196
1.16326746531759
0.143206656327876
0.792563156161087
0.601897415278963
0.540154828381065
0.510575251504916
0.67619761047261
0.284774349108871
0.416346250912251
0.367335304795525
0.796345452412732
0.359406268286108
0.701086933644248
0.516175093685017
0.126682781379066
0.884644719381281
0.25523859108517
0.299686696779258
0.27793561353644
0.504343296054328
0.209501498412211
0.171134602935937
0.206995667557026
0.290161844600054
0.322491876561454
0.754490476951989
0.729594673683878
0.715127268660952
0.385425746133723
0.432064830815884
0.734603135390321
0.999366292453683
0.187237940615125
0.24242479647126
0.664112651168627
0.348915791041812
0.455553145723608
0.493164527923992
0.160715908560339
0.775423757114391
0.396493989499392
0.377014596751193
0.64315077791606
0.122112719182397
0.169997043560186
0.832782791240697
0.540675196146771
0.090320228320325
0.197854099541141
0.0969950929858664
0.27716467368198
0.389556944588328
0.0635720489628923
0.463718400597509
0.26432584156032
0.39737314900845
0.429074992433869
0.18099839116653
0.403365941671202
0.71277051680253
0.179289795164559
0.539337766470956
0.316079845069082
0.232384777540758
0.302124279487013
0.408499697055777
0.420884115801332
0.135249995112405
0.0133820985308442
