0.519891947028678
0.762151821910386
0.886662999706249
0.592320761083813
0.908329440325156
0.809080873784625
1.30170290389045
0.794019154749882
0.837878155710476
0.962756177156183
1.06107488549512
0.852330707378199
0.681797858915736
0.424806576408639
0.393349154557834
0.523974108080589
1.17132199239519
0.621338433578077
1.40079167747148
0.677092653452364
0.928249538449559
0.479509289308417
1.14897231195715
1.02105156262804
0.650692570625157
1.02843923496421
0.833715653963942
0.862707814511549
0.931477479725843
0.924260485486303
0.827095242442545
0.555006658262406
0.574131609736583
0.906311793222489
1.0641436505226
0.713314033944739
0.656656428262072
0.669467438377809
1.01635617528941
0.841110605565062
1.11492316344638
0.587367151975496
0.994036811855498
0.901522264856655
0.966577758036402
0.456723671171956
0.91389649727611
0.587998747427125
0.976044471420386
0.537520616817349
1.16410814179505
0.896516712584677
0.790788254509152
0.668507263727951
0.459946870665114
0.613738746358085
0.845971481640621
0.692015727774934
0.786006222723996
1.02026868150026
0.707830022583681
1.15424301364987
0.714331694863497
0.636565392462468
0.817106661082748
0.467375619194741
0.668272204265931
1.00885181910894
0.849118733752529
1.0066020106098
0.57920264890158
1.02461310914538
0.57914387907192
0.619487574035467
0.895470290521728
0.624585620248607
0.964716551264983
0.549539498462499
0.89585653370282
0.572854692414499
1.11518543685783
0.64498630622349
1.16079821643322
0.979502070993096
1.2333396036402
1.37050628299666
0.735174732270121
0.553163734166709
0.605629185144456
0.62729643745156
0.572671854892101
0.913757351793922
0.56669866425515
0.748161215585518
0.429062986366074
1.28034037219614
0.941656019627534
0.46211523408621
0.750784641023332
1.0905198328967
0.857389523377671
0.696343796303936
1.01148820396157
1.2377757011697
0.853030845487197
0.905473854043534
0.667411071962031
0.845974117524723
1.04276265774623
0.790528520131827
0.564419781570571
0.755640592012191
0.779969990876429
0.977974492928682
1.02954685184239
0.485414967344382
0.859947027196518
1.09742941568657
0.835136042786793
0.812700385906638
0.503844443611268
0.966024608832863
0.565925614114016
0.982939478965509
0.808383404305629
0.477452102241515
0.728166784507603
0.579111640802132
1.09547715402445
0.89444929449081
0.678594934175636
0.752844048054196
0.54802161891734
0.688555741285397
0.992412240650132
0.932079676560104
0.600750146546657
0.889286289706388
1.04427206403549
1.07910038836905
0.820577789841494
0.854646160624518
0.682615044556591
1.02257880769448
0.517397079794499
0.885703867412099
0.513001089777537
1.17841392185475
0.867917380855216
0.658751264770962
1.12815977029073
0.964223977336655
0.692992148591712
0.793577110161941
0.759405764017051
0.802066053343166
0.956447994708752
0.495284054558937
0.539179191313112
0.492809556945857
1.03359516490674
0.940405509730759
0.664753256871074
0.976443551520455
1.27754968698055
0.946823594339148
0.862444874506389
0.940057027643532
0.446294198140424
1.02019400269261
0.663205178789031
1.03494509857627
1.2802936796849
0.891000180390663
0.64299233569787
0.899571032754036
1.09980558509228
1.02484373378369
1.04062681175755
0.763311168763539
0.951316656720454
1.15121808670024
1.12118571282915
0.959089599257679
0.798598868191372
0.97360672492975
0.94082232690863
0.749396164080427
1.0013364140463
0.88486563674506
0.706389751976659
0.478981292716744
0.766182819044471
0.566179128711576
0.973146816938021
1.05065507844661
0.778550199628175
0.812115408943643
0.822116166450336
1.11472521797311
1.27199322550037
0.76709861867896
0.980136748616413
0.783227444663829
0.812645804566559
0.500213624788996
0.867658524524617
0.782494441194101
1.37658119024886
1.1093259022553
0.462027830248181
0.985726541830908
1.05266323340847
0.871970522516524
0.799298229846151
0.589227768220165
1.34622555066216
1.04791242030598
0.335028899748554
0.599330342915657
0.826887278156585
0.715014896184028
1.05502659663193
0.483624017797325
0.89120973263407
1.07061450889023
0.96061230771962
0.594774841293601
0.670141641251665
1.16371053937147
0.574765097250706
0.879525469302211
0.788932510707508
0.802287331904576
0.596994008269237
0.583086653933263
0.971881016217401
0.502672539968171
0.622291099287881
0.71305163184589
1.06969500262907
0.982411582389543
0.910310609227673
0.757210443867836
1.04985976302372
0.600784941200719
0.854633332012884
0.955363714677393
0.757586846786075
0.656928253495509
1.22145856330806
1.06000334980826
0.811406960908595
0.708492736428247
0.535274187278479
0.874095316112464
0.413721747053608
1.02522357743665
0.614866044769051
0.806364882864313
0.514760042000656
1.15403408075696
0.487102815194612
0.913524582652888
1.04161674821979
0.829379700105625
1.39298983431991
0.628389520052467
0.783853022016255
0.819349492444128
0.703705914672872
1.02847578126644
0.583018574112295
1.04817950060058
0.77559868692766
0.413795648234544
0.624301602798569
0.656200336171699
0.696637230280133
0.980831062598267
0.546066369141079
0.834118501366668
0.873885065507201
0.525726027213147
0.820985386575653
0.904354561299408
0.869120668959284
1.13198572430737
0.549541003763977
0.620104049956087
1.01921266691101
0.584242002197283
0.778097209726959
0.666389254091817
0.983983890811532
0.697430936567025
0.636467339429979
0.665671171929253
1.23432270815373
0.804425187171518
0.533882084133967
0.504704639839137
1.275232225229
0.623142387937715
0.959166803557074
0.633260261264659
0.392524342889543
0.940707931275935
0.681095984839035
0.623380913234549
0.542327592792059
0.554288199208901
0.579828723023996
0.889904581375698
0.519579061200921
0.624084201688858
0.528285601745848
0.675613763279775
0.64278631645309
0.821158883530857
0.806968009960211
0.924349857088967
0.818587710626704
0.873639546731724
1.1251864930356
0.579978035291245
0.770810348908434
0.582059251641855
0.701211569227757
0.614181837192782
0.957621584339935
0.645791400705637
0.517168253733883
0.396072741611442
0.600924272119746
0.65433210698903
0.780215074863701
0.617060346571765
0.88819386813787
0.995854320267393
0.968743968549799
0.870365981155111
1.23972268784333
0.892382626683257
0.940316237241723
0.48188317183509
0.640444467082126
0.925600092958696
0.736710533273283
0.746140799355425
0.771494118375827
0.657962738796088
1.0885958886516
0.599615684092218
0.667410274264678
1.07398528297682
0.778298057853593
0.983368841090039
0.760674876020751
1.04210437113728
0.737320261374089
0.610089913140484
0.802871721242636
0.85314121539471
0.509105846083378
1.38643382318393
0.878565471255935
0.605447391185272
0.749407006480876
1.05115500877575
1.05198855210863
1.12087146302286
0.683535065568388
0.899639601362657
0.633152479156654
1.35568156489217
0.818151204584142
0.84597730987951
0.769398531813685
0.44611521020771
1.17644217296582
0.779683508029003
0.589936561647008
1.29268393439876
0.708299242520541
0.913909301918467
0.578987576933763
0.593367923687524
1.20189057886553
1.21242900393786
1.24341259361189
1.25940202807571
1.09232679159106
0.797985682366078
0.857426982927648
1.00269808351062
0.838914366762326
0.855876429529949
0.745166340890964
0.80459740113064
0.520220279172864
0.496270215742105
0.992663977887386
0.811730062285495
0.991549419198521
0.709298290584038
1.19760240240404
0.855754471936247
1.09015210589748
0.50728584289084
0.873436917844731
0.999542632432345
0.649252045042499
0.774446853223278
0.67489518951475
0.488209065222025
1.10757229913544
1.14375834236048
0.890027819995689
1.0322369533813
0.59679948816232
0.682045390882963
1.06583480577158
0.686867868700482
1.13031477914485
0.769926265512167
1.18395815691245
0.544440607706762
1.13216669648762
0.943698343499475
0.9579567694742
0.897682866596754
0.712250628797302
0.656679761582348
0.869119369178495
0.873273516168485
0.462103468984377
1.01049649910155
0.67186284845925
0.982704564473758
0.63581791370329
0.918467579243197
0.710161928480181
1.176362670579
0.54003912822896
0.920994912826225
0.528624965256484
0.766323317514357
1.18964790621027
1.13646833005742
0.478355952532036
0.894377560236057
1.26097642978651
0.54025658508956
1.08401262959582
0.83501651681094
0.496749284975114
0.926115845232062
1.05567259368311
0.791661751996841
0.791749158391188
1.00899858826465
0.468714713187311
0.751119118464351
0.692795676956196
0.925158188130188
0.887067857899898
1.03707912742875
0.479143044846828
1.08860239353492
1.09238175864506
0.562604660450262
1.07119955756607
1.00505342701534
1.10301240166322
0.558360275026857
1.31380766790329
0.937270998998438
0.40328061533756
1.35249114017929
0.874836504298296
0.490453621964845
0.516915292384241
0.507274556686068
0.857953235553865
0.96273229290668
0.794870486351772
0.563383340313398
0.887800691270176
0.621388580246917
0.697091201885514
0.855352927680886
0.804082758225286
0.834557416180844
0.609033187258401
0.747303891104127
0.675489281012748
0.978468577057588
0.966966413452327
0.741040838177522
1.11793281341626
0.978000681076727
0.653304276035915
0.817962907216269
0.771795488932242
0.737488896096548
1.09963563743055
0.851507648520645
0.758747351058138
0.904612991371414
0.61896966297497
1.16831390240635
0.91609994264822
1.04785832402689
0.653885262547103
0.96442682623612
1.0872225113722
1.17629304759344
0.61220259275219
0.547650806933658
1.08200124450737
0.474314829753767
0.666043521762996
0.501391040723332
0.604716752612484
0.593640677309446
0.60971168393347
0.555615341409244
0.961022865913955
1.06865032338298
0.62686954749785
1.27153462284274
1.22395636011329
1.26203916512058
0.702746480367457
0.611467150379286
0.801297726832386
0.64593388814007
0.787931440194986
0.747897496574404
0.935794182291655
0.946711952790477
0.83236531566672
1.04925169338006
0.504262383286957
0.64403215499513
0.591854590999036
0.849588028336824
0.87867750066283
1.25466222538853
1.09876591197613
0.750139932520539
0.857229536440828
0.77501918976612
1.22462904689738
0.686841170862152
1.02133487166785
0.589866244612724
0.764693454734928
0.673085536274233
0.888777192272962
1.0383047485529
0.95558480641811
0.959169649338496
0.750421472963741
0.874082993965516
0.769267702212113
0.760852008986196
0.756045926430908
1.01761987284526
0.800731390829903
0.811392537542579
0.979770357369092
1.0250559008409
1.05383364344967
1.05093856805968
1.06078949491846
0.91361085079079
0.77108678714136
0.851045424281898
0.764951595548852
0.922962116863689
1.13679103837241
0.675627709931524
1.09109630904374
0.623995437873497
0.818573732552053
1.08418448318917
1.06296573849404
0.952673289443846
0.675373360653268
0.690823414173996
0.682170263555499
1.05496086598579
0.835922080115593
0.812115408943643
1.16626799682572
1.29349725562272
0.60424390033312
0.868316962477713
0.473624914305768
1.09230272941097
0.596520556837516
0.41131559075803
0.806999909395365
1.11648720443824
0.644358281950814
1.19263582324484
0.658235399841272
1.56372129929089
1.04559933636357
1.26816419402788
0.668592346556288
0.474371320082204
0.50700967259632
0.684290128955472
1.05541140312719
1.09711492071232
0.943525550688644
0.753731731434899
0.415427847107794
0.809650878450196
0.665885241771477
0.79497583248899
0.543810485629916
0.723507951498364
0.702442873280008
0.695047709249252
0.786750968208431
0.73313399709283
0.701077888340787
1.00550984293418
0.907594835888047
1.14333978343995
0.874581911993217
0.968842214776739
0.829812793340141
0.562611129349885
0.667503524125733
0.671217218164542
0.645598994671807
1.15389266371336
0.837148950148154
0.565731656575614
0.596325433942234
0.610259294604951
0.60932823704415
1.28786224219662
0.838614788925163
1.1057210657961
1.2812024282624
1.12754582564601
0.768037890717701
0.467633600569991
0.622998375858908
0.859371523875782
0.652070158701954
1.07036897936165
0.753209665242936
0.717754017828755
1.03765627587877
1.13313624763107
0.542950118554948
0.842943155150052
0.856037934711724
1.04455394867114
0.694197478926553
0.711924703908199
0.948055791738663
0.701159042217835
0.77187234711168
0.79828517469905
1.22791525500539
0.712703700330644
0.745011688887379
0.969232448516251
1.09438555168786
1.20274145068998
0.59488424170597
0.531906218731659
0.930319573694172
0.536647053077539
0.610957201179672
0.951971643978382
0.48540593620765
0.747186300796731
0.480314666319085
0.927420646892156
0.656129990164423
0.75969156627416
0.858861274407442
0.840976193036209
0.59033870284196
0.627501900460265
0.709015997269965
1.12459112858727
0.682108137371727
0.731207342316078
0.881242385950203
1.21215170565044
0.73359198498681
0.675873060880018
0.670849936317787
0.620062583352303
0.850396727526772
1.17681770424677
0.739798395098199
0.705461626477756
0.76980551677974
0.639167609252723
0.769106010387693
1.19945558830725
0.766653986087378
0.797040521685401
1.07891325345337
1.11869955939728
0.834146811352163
0.736508297834187
0.656363211824196
0.889811137820208
0.539888264377163
0.821499901555473
1.01100277683086
0.683355028963516
0.59454606239418
1.2237239959246
0.959832824360684
0.593877852640613
0.557544840875361
1.11837617073552
0.81647519224714
0.700778718150527
1.22912164974815
0.415685661850353
1.25525833599297
0.889946097708941
0.99101342166024
0.9367199485386
0.931632417866068
0.652158571681257
0.480591151618222
1.01812724484092
0.703068655101041
1.13916424911846
0.881066156947948
0.914420260068904
0.900340552029297
0.965092534997301
0.945269074756694
0.723444893830496
0.671087340778506
0.654483326355813
0.639395054175119
0.81534137922499
0.652715709020807
0.94775798441617
0.7766016295182
1.01666022074541
1.04304456422368
0.829895462497847
0.980265382103485
1.090769004903
0.780548163461639
0.767069182596455
0.931624118493272
0.640995006268043
1.1844862574508
0.723017513418721
0.835919744326839
0.575041517854667
0.744362806556965
0.690572234000795
0.700442219200916
0.946354667180484
0.683278788654834
0.935589076189713
0.570659980938689
0.816244742944968
1.02923782615075
1.15526019825821
1.15828211465957
0.795283018609105
1.06592356905898
0.816347360229204
0.722197077899064
1.04770032882953
1.04184790760683
0.58539077621059
1.08750297316804
1.0289182535391
0.836180380972602
1.18345813906398
1.13567383667711
0.945670353181366
1.04535360938677
0.668191244854224
1.21539183714399
0.982295171893947
0.959449199301245
0.644386775486648
1.24426832591776
1.34107370692578
1.04559356709384
0.410100792847904
0.810704384736779
0.914111675017275
0.666217740743653
0.54868523801881
0.632015314586034
0.762673739546885
1.11274179003632
1.50305930195019
1.48189410506898
1.27834537042189
1.12153684178709
0.799508476644309
1.35779142777572
1.29258144308327
1.6235288869434
1.0509533909382
1.12887048379704
1.4417774259887
1.48502017396917
1.4816589698962
1.66269465138527
1.51996834572183
1.48876892705901
1.26909205492832
1.45414858359531
1.64726441510578
1.50612853564863
1.02744581553465
1.36672230593869
1.3947095125777
1.37799691235814
1.30789590300636
1.44209281026471
1.38030246598064
0.894824109088174
1.35795557326639
1.42321202482195
1.35258550276614
1.36402437551428
0.97967102829275
1.42709625661821
1.17460319868993
1.03938411532238
1.27022129545118
0.984191889218567
1.39809621551799
1.41980861531236
0.944619509302999
0.789916596871664
0.498539548433793
0.87067519828425
0.486593274173595
0.972747372432866
0.646348099972197
0.659437040109687
1.63878273930519
0.696382823235397
1.22694089381333
0.692913474031994
1.17907032630689
1.22491661095376
1.07360048960193
1.06275507758113
1.42406736092302
1.19263907840206
0.880361971446824
0.700014019940489
1.02427889845456
1.02446352516681
1.24438035631658
0.971064552304266
1.22346179544946
0.891336901847432
1.33282795729907
1.02589700153422
0.810094504034861
1.21873399073273
1.36870890296793
1.01952564910813
1.15868511313893
1.29674939533534
0.95412439363104
1.06827860253726
1.24632966284238
1.28719592558333
1.02259822526341
0.924687173486432
1.51274997175999
0.87848447337057
0.641257835184234
0.873175812222532
0.946138770627338
0.884304980038584
0.951502999396824
0.679462853914796
0.859795180726474
1.07979730463608
1.359690560309
1.37991084687686
0.937659273552225
0.799424416935287
0.751204493770309
1.28573347776151
0.959298923896459
0.800057759807493
1.0866137330906
0.575282365486741
0.615267345221892
0.721614729452733
1.05127467721775
0.942064284914732
1.26419738176499
1.22797907818801
0.737913295642104
0.97922765997228
1.20199620530065
0.960730004109039
0.515092711502917
0.695232513559954
0.953347595343333
1.44486779077094
1.41453922619914
1.1964705930317
0.5597939433495
1.185311564136
0.595707667712294
0.584137884551012
0.958868551949717
0.956159659249586
0.546448498515363
1.02043998944718
0.88489684525093
0.4827900984053
0.891699734351255
0.999994400497148
0.787557006954626
0.751387192839458
1.0976828297954
0.611947222194956
1.1843081543053
0.662652357740385
0.814796917437357
0.979166079003466
1.23056049327074
1.33196112945355
0.996461038372509
0.737950643648088
1.03233138051927
0.900455695300495
1.15899938078165
1.12809655066118
1.15654678840428
1.18255103677149
0.91484831389035
1.1374831478554
1.0499830038759
1.1654325357473
0.531038410770061
1.14082648945783
1.1319069417097
1.29065351469992
0.658540737085924
1.09903411802905
1.12859907055649
1.08032730655726
1.32806805797304
0.83200786293212
1.25439576769952
1.32536840809015
0.986833563306404
0.699903922215275
0.882575550733146
0.683697590214672
0.806329809556207
0.977157769519894
0.975817265243442
0.672358457455646
0.662637545926189
1.37268093283695
0.751581679813015
1.02963925896614
0.846056259697698
0.740017254613886
0.872998754249593
0.888970587886052
0.501025337394553
0.808938124274163
0.6665425908607
0.862614510439929
0.732979633165525
0.482658081519122
0.742213162406821
0.714493123083779
0.978572572057495
1.65497975180266
1.21289808663844
0.975759668392626
1.02786351301694
0.603230803984468
0.522837865644828
1.0872784944661
0.765433164225644
0.547111630661131
0.891178438507604
1.37115178008079
1.36198695541545
1.40510409760029
1.12068028904226
1.06391965685986
1.59679181055588
1.7250449374417
1.3997780887328
1.39144771636457
1.64103812754677
1.56783396563386
1.19921906162638
1.13668948091601
1.48404954654012
1.19953107904063
1.68685478868286
1.44541362764301
1.2861222145177
1.55044233801324
1.246359736562
1.58051205270543
1.219697357033
1.40319711911486
1.40891549277142
0.802112166075631
0.945390889968414
1.30824264978945
1.23891386864842
1.36115251320908
1.13765974948573
1.22027043421785
0.613161168614551
1.63138357689607
1.23949014049026
1.34037215740928
1.28627979323537
1.00175802918946
1.16904538890009
0.989022969612227
0.832294312044974
1.25133751519635
1.0872784944661
1.13765974948573
1.48364490681353
1.28825378135516
0.649841600520586
0.742871753409495
1.23928180417718
1.09282338717757
0.836395103445638
1.22402866636461
1.35733084193885
1.42467556093293
1.04111077033945
1.361116760566
0.732758882223153
0.774686388475364
0.941630313377524
0.46620511007867
1.41451320101633
0.96814183571378
1.01259732948704
1.3079036081228
1.48027529509445
1.13735515924468
0.788040172208491
1.03084531694011
0.662908111605106
0.669226969921968
0.702444748050844
0.500475914824431
0.757551450396801
0.715662640117304
1.32929155603046
1.34852166223699
1.3012289579451
1.31242792425966
1.20322056162912
0.677978738872202
1.4679175098438
1.29378551856777
1.25211058596646
0.5134818026098
1.1196043779283
0.969861272322497
0.895185898439446
0.727314085675651
0.996849445026239
0.610965665934788
1.02442112003156
0.770599227963246
0.403608032498836
0.696794213894943
0.540408971276772
1.17531468593184
0.477042334055588
0.47368064439252
1.15410072636538
1.08165768331356
1.42295491773511
1.26553933564228
1.27893629608045
1.24395380407713
0.942723820734636
0.551710358636686
0.978946172209694
1.39893005511344
0.995236336927934
0.973539987281664
1.27961051092681
1.52150773610983
1.25209897847114
1.13883615167799
0.490070413487528
0.926455124093584
1.01281517911877
1.12190566287632
0.795254482458102
1.1893191363624
1.3887863070434
1.04998478790042
1.02218952301977
0.819669753632651
0.939114540061053
1.37165963776416
1.13531565289125
0.91920948320759
0.812112615996209
1.31939369104483
1.09346300572634
0.869038808869304
1.02702864280116
0.747675564054647
0.703948126048745
1.05930626609752
0.855466084535764
1.29613252505299
1.10848404015317
0.958492359390969
1.36663815337243
0.709743642215894
1.30401051281465
0.678012180199776
1.17501120731135
1.25352727783649
0.309212056634305
1.19488501768452
1.1837617785367
1.61771144543996
0.857971507097396
1.05001888368661
1.05692679036175
1.48060485501096
0.965039136538115
0.611606844103192
1.29196521011762
0.775002086403991
0.776009707225883
0.923033355357474
1.04272701992463
1.11428960803633
0.736057139958824
0.959348072491194
1.20560999551968
1.07769726959028
0.86158773059188
0.6191534095486
0.709834204861748
1.09452738174025
0.845422189974291
1.06730589476431
1.21541506940766
0.711447186998966
0.641734369475712
0.582387101720849
1.04210329026425
1.02594891645245
0.608976539175719
1.23613546285805
1.07420754554564
0.99526388404434
0.85778749644112
0.659348032622221
0.60980522307555
0.707058377137683
0.736151932223332
0.727094788478454
0.732107913779768
0.87600346227005
1.34534062201453
1.20227609042525
0.728526340271677
1.31457599954895
1.18540280087338
1.14798148620661
0.436547727787774
0.515369541683501
0.551300704017162
0.721597294709121
0.329566807177335
0.464952402883636
0.653856993957818
0.900180165322707
0.723376735216603
0.654243268272473
0.64079993880874
0.684975523714997
0.776318235007555
0.559124994887367
1.4848413768831
1.18797998240077
1.35982810877488
0.997347232306462
1.35851773196993
1.03266027061924
1.61447183985664
1.25589009728566
1.54970614364089
1.52709049548047
1.24115294123561
1.03250275285514
1.55329891061297
1.31191399208684
1.06829487470737
1.57226628837688
0.94300812688079
1.36711190218889
1.4037416444711
1.43786572670165
1.12015625231038
1.10404897447899
1.38049947621932
0.747173633964998
1.1880561298853
1.33283287397549
1.27321214349045
0.835171505922285
1.4526347683872
0.812008891898849
0.901656975139627
1.57957007007158
1.23691759384312
1.62106400244553
1.24345267379537
1.60622576743667
1.40530875731315
1.22509802231719
0.847619213639385
0.758731791188654
1.49841423380305
1.00946068747911
0.822115036273389
1.06638427619595
0.995890076145003
1.04962455303909
0.96582371050932
0.852869346934846
1.3759978957958
1.0920114736925
1.12900612849401
1.05102496445969
1.36711190218889
1.23282826526648
1.18843192459055
0.542782360078193
1.11824343371133
1.06066966733772
1.42207091295922
0.699364783455137
0.484012757341093
0.837025176226427
0.62511837221537
0.573623035436531
0.883656337768684
1.01121850305618
0.523438511028819
0.875284039970395
0.625366715302375
1.05284217541751
1.28033785432367
1.09902468235977
1.50597292541943
1.40900953881119
1.39373963224735
0.71934294478504
0.492371788234026
1.22839150832858
1.48460305074268
0.884698728021292
1.1491025838336
0.628842210506114
1.67461887239712
0.754494951038069
0.980218665760791
0.966768387119967
1.00951454081968
0.65440604447384
0.902585430717216
0.560006720146412
0.902214664552068
0.486626718564888
1.13068981071367
0.776131941660272
1.01250707396452
0.9356260345613
0.761251343128332
0.459521780524956
1.11785436897572
0.861390462591924
1.24287522893057
1.28711056590715
0.779658923771914
0.581462646774953
0.80194873675421
0.958554029849261
0.888342568063597
1.04590030347504
1.10177184600086
1.34534100463884
1.00642382060175
1.09126918881356
1.25923119090661
1.20317296531946
1.47887211700376
0.786356885786492
1.34422901522084
1.18925013581637
1.22048364538262
1.17996096897875
1.28573347776151
1.19499663660957
0.890167085025579
1.16110022260325
0.534552623479558
0.748333674034701
0.554862074173284
1.27175062114004
1.06878700427553
1.20742556719876
1.06393091560349
1.30604393367187
0.958403402338829
0.952069172539099
1.27737702686406
1.28999068444365
0.92102072142743
1.00415048237984
0.564020589182794
0.940942195917098
0.942625902283233
1.10597496251737
0.91649625334042
0.746163739768182
1.20538860687588
1.17685856042661
0.988506148508336
1.17205656948114
1.28598757640066
0.809602878705592
0.468577900882763
1.09723465920192
1.01825991926953
0.958169414654549
1.01016768740655
0.76793004829826
0.999922988946292
0.639820196532654
1.05316199268604
0.923579907876938
0.854802010297247
1.2249980335779
0.720064493780661
0.553712428538846
0.515855005124143
0.623224324152819
0.97061516202983
0.62849272813463
0.689483812395681
0.858570169548289
0.760195469973551
0.525054886574727
0.748966175940014
0.585748598387156
0.96220214975299
0.986699800677208
0.772685396059087
0.512601560989192
1.08761709364189
1.41894134908115
1.07037983099632
1.246359736562
1.60275446565084
1.10622697988126
1.13506940561948
0.946615280844279
0.926870677094914
0.705632978410898
0.497444307361835
0.558066795950012
0.465810999961993
0.389951587245394
0.900026433164047
0.553237930804984
0.726870876289853
0.805506407619307
1.23738735494829
1.1448571513423
1.15758449371255
0.742004856193994
1.00592978868138
1.07164662691475
1.21571071254316
1.58387904555037
1.35040747498849
1.71317746159387
1.18359929321359
1.20227609042525
1.34225970191876
1.3406702548468
1.13276743498413
1.34448966923282
0.559190903809171
0.972097788869836
1.0701390961169
1.29168003618407
1.50852407423358
1.28824165818536
1.67481542337398
1.41248667595627
1.48541794376209
1.28876426485343
1.49375296828587
1.26894560929198
1.5222021290214
1.53452360727871
1.20497964920347
1.36284994085344
1.43643359853507
1.68686322344866
1.66649984888976
1.2960431870167
1.31115636047168
1.06371557870427
1.2390417230226
1.14229745956975
0.751697011337927
1.27034626003982
1.37581115525654
0.927345707242206
0.744005668277182
1.22820860530376
1.20451031068407
0.956912267014913
1.27325287604692
0.777972064751226
0.955895514911337
0.833883518794583
0.82145165535003
1.23405285121476
0.529643306994179
0.435547376638234
0.677220358877137
0.96221631815464
1.33799002584281
1.1101300645593
0.70020593366516
0.963507004936381
0.968112964016056
1.2469060197211
1.36920771822791
1.13057433255871
0.916418107735206
1.33949836440991
1.29877498136726
1.27541380754815
1.45130198511266
1.05145048299391
0.705053000376048
1.02071524001978
0.475506054600689
1.17969768423884
1.1860866367769
0.868726754337971
0.619778287758235
0.881380734395003
1.17292912198444
1.34732934498992
0.643384019973323
1.10896730875407
1.29252232746511
1.27020867570951
0.893680616961106
1.19894828946302
0.723867304003077
1.22142939298074
1.23412665953066
0.679474959711347
1.41233697118051
0.890646287073451
0.646839730144606
1.27891797784214
0.549059728228079
0.890127347942415
0.97634917844323
1.2689847069435
0.67937347417122
1.16789137329363
1.0810542400716
1.04250848621267
1.06885216625731
0.811477722740163
0.855738708485759
0.963916922430744
1.29347385598914
0.522097634564276
1.0146415992746
0.734785268084135
0.902256775695355
1.08585291898313
1.30931378796018
1.07836074000032
1.33508327776233
1.33821202361749
0.953345639443909
0.481490954551212
1.07180786650387
0.81043953200201
1.09480794342262
0.92185015984547
1.40998545653952
1.13664516757599
0.959067878630325
0.978710144074718
1.33127924871759
1.20487655572622
1.3537612882908
1.24923450682037
0.634498496331993
1.26525202080373
1.10421781567157
1.04059619481674
0.942002035811199
1.13033498176671
0.851048257557031
0.738049880203045
0.856707216418504
0.827779717050125
0.7466344151015
0.790333825301274
1.14806373009307
1.22004666828058
0.764271870278501
1.25435459921376
1.2087695628976
1.34687306663963
0.731084422183474
0.565576110006065
1.3333506045809
0.872440126150209
0.788867096451749
1.44041691277746
0.480314802722958
1.19229282482167
0.716245864857864
0.953251123575048
0.729544615675824
1.119126158472
0.874798796995214
1.57929946140186
0.421047039172667
0.507906434343208
0.905928737728
0.8501380883902
0.768024760968552
1.03250715794697
0.503089560129282
0.610012089148797
0.567552297432575
1.06814249369696
0.675545973730088
0.981775611011156
0.831264615985131
0.755590073116339
0.746238547077417
0.964792610313048
0.741064258946413
0.572740856573605
0.757745693900583
1.04167931385797
0.665788983279672
0.536965200892587
0.468317688277081
